RH=0 temp=0: [ 0.00531277  0.00443376  0.00106387  0.00090591  0.00068299]
RH=0 temp=1: [ 0.00514655  0.00529775  0.00097594  0.00110629  0.00059707]
RH=0 temp=2: [ 0.00494267  0.00485534  0.00109661  0.00091822  0.00060979]
RH=0 temp=3: [ 0.00518553  0.00451026  0.00137091  0.00084634  0.00054126]
RH=0 temp=4: [ 0.00537073  0.00474605  0.00109072  0.00082951  0.00056471]
RH=1 temp=0: [ 0.0055447   0.00510824  0.00096639  0.00080456  0.00050965]
RH=1 temp=1: [ 0.00468609  0.00497863  0.00082499  0.00078282  0.00047493]
RH=1 temp=2: [ 0.00585392  0.00503923  0.00104449  0.00079273  0.00033977]
RH=1 temp=3: [ 0.00515155  0.00502578  0.00129982  0.00091405  0.00069325]
RH=1 temp=4: [ 0.00518833  0.00487657  0.00111953  0.00092972  0.00044804]
RH=2 temp=0: [ 0.00480039  0.00447276  0.00103668  0.00104191  0.00053819]
RH=2 temp=1: [ 0.00528638  0.00485639  0.00120134  0.00105546  0.0004988 ]
RH=2 temp=2: [ 0.00556176  0.00469724  0.00103506  0.0008372   0.00062194]
RH=2 temp=3: [ 0.00580021  0.00508537  0.00112514  0.0007674   0.00047659]
RH=2 temp=4: [ 0.00509484  0.00507424  0.00120194  0.00106033  0.00068895]
RH=3 temp=0: [ 0.00528049  0.00493462  0.00100224  0.00109389  0.00048059]
RH=3 temp=1: [ 0.00517057  0.00509294  0.00090832  0.00092874  0.00053415]
RH=3 temp=2: [ 0.00505474  0.00488167  0.001123    0.00093464  0.00045893]
RH=3 temp=3: [ 0.00514767  0.00456884  0.00114998  0.00085202  0.00066996]
RH=3 temp=4: [ 0.00544381  0.00519097  0.00089486  0.00098421  0.00065169]
RH=4 temp=0: [ 0.00562396  0.00498893  0.00101026  0.00080739  0.00054924]
RH=4 temp=1: [ 0.00535671  0.00481364  0.00074305  0.00111032  0.00049931]
RH=4 temp=2: [ 0.0053937   0.00575565  0.0012219   0.00105005  0.00055046]
RH=4 temp=3: [ 0.00487519  0.00506408  0.00091184  0.0006995   0.00062038]
RH=4 temp=4: [ 0.00497426  0.00426181  0.0012208   0.00099797  0.00051951]